100
52 540 270
42 450 270
43 450 360
33 360 360
32 360 270
31 360 180
41 450 180
40 450 90
30 360 90
20 270 90
21 270 180
22 270 270
12 180 270
11 180 180
10 180 90
0 90 90
1 90 180
2 90 270
3 90 360
4 90 450
5 90 540
6 90 630
7 90 720
8 90 810
9 90 900
19 180 900
18 180 810
17 180 720
16 180 630
15 180 540
14 180 450
13 180 360
23 270 360
24 270 450
25 270 540
26 270 630
27 270 720
28 270 810
29 270 900
39 360 900
38 360 810
37 360 720
36 360 630
35 360 540
34 360 450
44 450 450
45 450 540
46 450 630
47 450 720
48 450 810
49 450 900
59 540 900
58 540 810
68 630 810
69 630 900
79 720 900
89 810 900
99 900 900
98 900 810
88 810 810
78 720 810
77 720 720
67 630 720
57 540 720
56 540 630
55 540 540
65 630 540
66 630 630
76 720 630
75 720 540
74 720 450
84 810 450
85 810 540
86 810 630
87 810 720
97 900 720
96 900 630
95 900 540
94 900 450
93 900 360
92 900 270
91 900 180
90 900 90
80 810 90
70 720 90
60 630 90
50 540 90
51 540 180
61 630 180
62 630 270
72 720 270
71 720 180
81 810 180
82 810 270
83 810 360
73 720 360
63 630 360
64 630 450
54 540 450
53 540 360
100
52 540 270
42 450 270
43 450 360
33 360 360
32 360 270
31 360 180
41 450 180
40 450 90
30 360 90
20 270 90
21 270 180
22 270 270
12 180 270
11 180 180
10 180 90
0 90 90
1 90 180
2 90 270
3 90 360
4 90 450
5 90 540
6 90 630
7 90 720
8 90 810
9 90 900
19 180 900
18 180 810
17 180 720
16 180 630
15 180 540
14 180 450
13 180 360
23 270 360
24 270 450
25 270 540
26 270 630
27 270 720
28 270 810
29 270 900
39 360 900
38 360 810
37 360 720
36 360 630
35 360 540
34 360 450
44 450 450
45 450 540
46 450 630
47 450 720
48 450 810
49 450 900
59 540 900
58 540 810
68 630 810
69 630 900
79 720 900
89 810 900
99 900 900
98 900 810
88 810 810
78 720 810
77 720 720
67 630 720
57 540 720
56 540 630
55 540 540
65 630 540
66 630 630
76 720 630
75 720 540
74 720 450
84 810 450
85 810 540
86 810 630
87 810 720
97 900 720
96 900 630
95 900 540
94 900 450
93 900 360
92 900 270
91 900 180
90 900 90
80 810 90
70 720 90
60 630 90
50 540 90
51 540 180
61 630 180
62 630 270
72 720 270
71 720 180
81 810 180
82 810 270
83 810 360
73 720 360
63 630 360
64 630 450
54 540 450
53 540 360
