100
1 90 90
2 90 180
3 90 270
4 90 360
5 90 450
6 90 540
7 90 630
8 90 720
9 90 810
10 90 900
11 180 90
12 180 180
13 180 270
14 180 360
15 180 450
16 180 540
17 180 630
18 180 720
19 180 810
20 180 900
21 270 90
22 270 180
23 270 270
24 270 360
25 270 450
26 270 540
27 270 630
28 270 720
29 270 810
30 270 900
31 360 90
32 360 180
33 360 270
34 360 360
35 360 450
36 360 540
37 360 630
38 360 720
39 360 810
40 360 900
41 450 90
42 450 180
43 450 270
44 450 360
45 450 450
46 450 540
47 450 630
48 450 720
49 450 810
50 450 900
51 540 90
52 540 180
53 540 270
54 540 360
55 540 450
56 540 540
57 540 630
58 540 720
59 540 810
60 540 900
61 630 90
62 630 180
63 630 270
64 630 360
65 630 450
66 630 540
67 630 630
68 630 720
69 630 810
70 630 900
71 720 90
72 720 180
73 720 270
74 720 360
75 720 450
76 720 540
77 720 630
78 720 720
79 720 810
80 720 900
81 810 90
82 810 180
83 810 270
84 810 360
85 810 450
86 810 540
87 810 630
88 810 720
89 810 810
90 810 900
91 900 90
92 900 180
93 900 270
94 900 360
95 900 450
96 900 540
97 900 630
98 900 720
99 900 810
100 900 900
